dmso
      1         3           25      0.000000000000
     94.820000000000      0.000000000000      0.000000000000
      0.000000000000     94.820000000000      0.000000000000
      0.000000000000      0.000000000000     94.820000000000
BI               1
 -2.239533333333E+00 -3.088866666667E+00 -3.722666666667E-01
  0.000000000000E+00  0.000000000000E+00  0.000000000000E+00
BI               2
 -2.861533333333E+00  1.955133333333E+00  7.573333333334E-02
  0.000000000000E+00  0.000000000000E+00  0.000000000000E+00
BI               3
 -6.295333333333E-01  2.661333333333E-01 -4.003266666667E+00
  0.000000000000E+00  0.000000000000E+00  0.000000000000E+00
BI               4
  4.194666666667E-01 -3.498666666667E-01  3.085733333333E+00
  0.000000000000E+00  0.000000000000E+00  0.000000000000E+00
BI               5
  2.125466666667E+00  2.599133333333E+00 -4.552666666667E-01
  0.000000000000E+00  0.000000000000E+00  0.000000000000E+00
BI               6
  2.653466666667E+00 -2.450866666667E+00 -1.052266666667E+00
  0.000000000000E+00  0.000000000000E+00  0.000000000000E+00
OI               7
 -2.627533333333E+00 -4.078666666667E-01 -1.916266666667E+00
  0.000000000000E+00  0.000000000000E+00  0.000000000000E+00
OI               8
  4.714666666667E-01 -2.607866666667E+00  1.067733333333E+00
  0.000000000000E+00  0.000000000000E+00  0.000000000000E+00
OI               9
 -1.515333333333E-01  2.072133333333E+00  1.450733333333E+00
  0.000000000000E+00  0.000000000000E+00  0.000000000000E+00
OI              10
  1.949466666667E+00  3.111333333333E-01 -2.343266666667E+00
  0.000000000000E+00  0.000000000000E+00  0.000000000000E+00
HH              11
  3.973466666667E+00 -2.168666666667E-01  1.508733333333E+00
  0.000000000000E+00  0.000000000000E+00  0.000000000000E+00
OH              12
  3.101466666667E+00 -1.138666666667E-01  1.159733333333E+00
  0.000000000000E+00  0.000000000000E+00  0.000000000000E+00
HH              13
 -3.080533333333E+00 -9.408666666667E-01  2.717733333333E+00
  0.000000000000E+00  0.000000000000E+00  0.000000000000E+00
OH              14
 -2.598533333333E+00 -7.108666666667E-01  1.906733333333E+00
  0.000000000000E+00  0.000000000000E+00  0.000000000000E+00
HH              15
 -5.055333333333E-01  3.684133333333E+00 -2.830266666667E+00
  0.000000000000E+00  0.000000000000E+00  0.000000000000E+00
BI              16
 -2.423816770957E+00 -7.115468902837E-01  9.969966583303E-01
 -4.880450094542E-04 -7.575985015102E-04 -4.334242485790E-04
BI              17
  7.005229565199E-01  1.069316414520E+00  6.942660736322E-01
 -4.880450094542E-04 -7.575985015102E-04 -4.334242485790E-04
BI              18
  1.039533846989E+00 -2.222779219124E+00  1.637713573542E+00
 -4.880450094542E-04 -7.575985015102E-04 -4.334242485790E-04
BI              19
 -8.289943445005E-01  1.164209600202E+00 -2.122201928883E+00
 -4.880450094542E-04 -7.575985015102E-04 -4.334242485790E-04
BI              20
  2.176652339673E+00 -1.240554536698E+00 -1.474315362656E+00
 -4.880450094542E-04 -7.575985015102E-04 -4.334242485790E-04
BI              21
 -1.801328810636E+00  3.293528167052E+00  1.018038625093E+00
 -4.880450094542E-04 -7.575985015102E-04 -4.334242485790E-04
OI              22
  1.551818413275E+00 -2.952995975040E+00 -2.851475193420E-01
 -4.880450094542E-04 -7.575985015102E-04 -4.334242485790E-04
OI              23
  8.355898799218E-01  2.117937206028E-01 -1.366541342314E+00
 -4.880450094542E-04 -7.575985015102E-04 -4.334242485790E-04
OI              24
 -3.643803588430E-01 -7.159179601385E-01  1.199905032246E+00
 -4.880450094542E-04 -7.575985015102E-04 -4.334242485790E-04
OI              25
 -8.855971514417E-01  2.104946678910E+00 -2.987138096481E-01
 -4.880450094542E-04 -7.575985015102E-04 -4.334242485790E-04