 dmso                                                                           
         0         3     15
timestep         1       15         0         3    0.001000
   94.82       0.000       0.000    
   0.000       94.82       0.000    
   0.000       0.000       94.82    
BI               1   65.390000    3.000000
 -4.4507E+01 -4.5092E+01 -4.1820E+01
BI               2   65.390000    3.000000
 -4.5129E+01 -4.0048E+01 -4.1372E+01
BI               3   65.390000    3.000000
 -4.2897E+01 -4.1737E+01 -4.5451E+01
BI               4   65.390000    3.000000
 -4.1848E+01 -4.2353E+01 -3.8362E+01
BI               5   65.390000    3.000000
 -4.0142E+01 -3.9404E+01 -4.1903E+01
BI               6   65.390000    3.000000
 -3.9614E+01 -4.4454E+01 -4.2500E+01
OI               7   15.999400   -2.000000
 -4.4895E+01 -4.2411E+01 -4.3364E+01
OI               8   15.999400   -2.000000
 -4.1796E+01 -4.4611E+01 -4.0380E+01
OI               9   15.999400   -2.000000
 -4.2419E+01 -3.9931E+01 -3.9997E+01
OI              10   15.999400   -2.000000
 -4.0318E+01 -4.1692E+01 -4.3791E+01
HH              11    1.000000    0.300000
 -3.8294E+01 -4.2220E+01 -3.9939E+01
OH              12   15.999900   -1.300000
 -3.9166E+01 -4.2117E+01 -4.0288E+01
HH              13    1.000000    0.300000
 -4.5348E+01 -4.2944E+01 -3.8730E+01
OH              14   15.999900   -1.300000
 -4.4866E+01 -4.2714E+01 -3.9541E+01
HH              15    1.000000    0.300000
 -4.2773E+01 -3.8319E+01 -4.4278E+01
