 dmso                                                                           
         0         3     500
timestep         1       500         0         3    0.001000
   94.82       0.000       0.000    
   0.000       94.82       0.000    
   0.000       0.000       94.82    
BI               1   65.390000    3.000000
 -4.4507E+01 -4.5092E+01 -4.1820E+01
BI               2   65.390000    3.000000
 -4.5129E+01 -4.0048E+01 -4.1372E+01
BI               3   65.390000    3.000000
 -4.2897E+01 -4.1737E+01 -4.5451E+01
BI               4   65.390000    3.000000
 -4.1848E+01 -4.2353E+01 -3.8362E+01
BI               5   65.390000    3.000000
 -4.0142E+01 -3.9404E+01 -4.1903E+01
BI               6   65.390000    3.000000
 -3.9614E+01 -4.4454E+01 -4.2500E+01
OI               7   15.999400   -2.000000
 -4.4895E+01 -4.2411E+01 -4.3364E+01
OI               8   15.999400   -2.000000
 -4.1796E+01 -4.4611E+01 -4.0380E+01
OI               9   15.999400   -2.000000
 -4.2419E+01 -3.9931E+01 -3.9997E+01
OI              10   15.999400   -2.000000
 -4.0318E+01 -4.1692E+01 -4.3791E+01
HH              11    1.000000    0.300000
 -3.8294E+01 -4.2220E+01 -3.9939E+01
OH              12   15.999900   -1.300000
 -3.9166E+01 -4.2117E+01 -4.0288E+01
HH              13    1.000000    0.300000
 -4.5348E+01 -4.2944E+01 -3.8730E+01
OH              14   15.999900   -1.300000
 -4.4866E+01 -4.2714E+01 -3.9541E+01
HH              15    1.000000    0.300000
 -4.2773E+01 -3.8319E+01 -4.4278E+01
OH              16   15.999900   -1.300000
 -4.2845E+01 -3.9025E+01 -4.3609E+01
HH              17    1.000000    0.300000
 -4.2127E+01 -4.5501E+01 -4.4957E+01
OH              18   15.999900   -1.300000
 -4.2343E+01 -4.4775E+01 -4.4343E+01
NN              19   14.007000    0.794000
 -3.6742E+01 -3.8588E+01 -4.3226E+01
ON              20   15.999900   -0.598000
 -3.7325E+01 -3.9612E+01 -4.3677E+01
ON              21   15.999900   -0.598000
 -3.5631E+01 -3.8234E+01 -4.3840E+01
ON              22   15.999900   -0.598000
 -3.7243E+01 -3.7947E+01 -4.2275E+01
NN              23   14.007000    0.794000
 -4.1179E+01  4.6448E+01 -4.2158E+01
ON              24   15.999900   -0.598000
 -4.0212E+01  4.7171E+01 -4.2330E+01
ON              25   15.999900   -0.598000
 -4.0992E+01  4.5308E+01 -4.1695E+01
ON              26   15.999900   -0.598000
 -4.2312E+01  4.6808E+01 -4.2417E+01
NN              27   14.007000    0.794000
 -4.3164E+01 -4.1892E+01 -3.4772E+01
ON              28   15.999900   -0.598000
 -4.3521E+01 -4.1928E+01 -3.3595E+01
ON              29   15.999900   -0.598000
 -4.2019E+01 -4.2424E+01 -3.5025E+01
ON              30   15.999900   -0.598000
 -4.3821E+01 -4.1394E+01 -3.5712E+01
NN              31   14.007000    0.794000
  4.6808E+01 -3.7995E+01 -4.2587E+01
ON              32   15.999900   -0.598000
  4.5698E+01 -3.7481E+01 -4.2698E+01
ON              33   15.999900   -0.598000
  4.6959E+01 -3.9134E+01 -4.2992E+01
ON              34   15.999900   -0.598000
 -4.7089E+01 -3.7417E+01 -4.2071E+01
NN              35   14.007000    0.794000
  4.7017E+01 -4.6251E+01 -4.0635E+01
ON              36   15.999900   -0.598000
  4.7276E+01 -4.5902E+01 -4.1756E+01
ON              37   15.999900   -0.598000
  4.5792E+01 -4.6749E+01 -4.0376E+01
ON              38   15.999900   -0.598000
 -4.6928E+01 -4.6180E+01 -3.9755E+01
NN              39   14.007000    0.794000
 -4.2546E+01 -4.2644E+01  4.5837E+01
ON              40   15.999900   -0.598000
 -4.1990E+01 -4.3286E+01  4.6727E+01
ON              41   15.999900   -0.598000
 -4.2964E+01 -4.1532E+01  4.6146E+01
ON              42   15.999900   -0.598000
 -4.2648E+01 -4.3154E+01  4.4681E+01
BI              43   65.390000    3.000000
 -4.5156E+01 -4.3166E+01  7.7657E+00
BI              44   65.390000    3.000000
 -4.5511E+01 -3.8003E+01  7.7348E+00
BI              45   65.390000    3.000000
 -4.2217E+01 -4.0210E+01  4.6199E+00
BI              46   65.390000    3.000000
 -4.3812E+01 -4.0482E+01  1.1776E+01
BI              47   65.390000    3.000000
 -4.0474E+01 -3.7964E+01  8.7562E+00
BI              48   65.390000    3.000000
 -4.0384E+01 -4.2784E+01  8.8718E+00
OI              49   15.999400   -2.000000
 -4.4866E+01 -4.0588E+01  6.1779E+00
OI              50   15.999400   -2.000000
 -4.3160E+01 -4.2846E+01  1.0029E+01
OI              51   15.999400   -2.000000
 -4.3376E+01 -3.8202E+01  9.8597E+00
OI              52   15.999400   -2.000000
 -4.0326E+01 -4.0415E+01  6.9678E+00
HH              53    1.000000    0.300000
 -3.9818E+01 -3.9812E+01  1.1628E+01
OH              54   15.999900   -1.300000
 -4.0479E+01 -4.0403E+01  1.1125E+01
HH              55    1.000000    0.300000
 -4.7227E+01 -4.0568E+01  1.0001E+01
OH              56   15.999900   -1.300000
 -4.6315E+01 -4.0466E+01  9.7287E+00
HH              57    1.000000    0.300000
 -4.2170E+01 -3.6539E+01  6.1233E+00
OH              58   15.999900   -1.300000
 -4.2607E+01 -3.7380E+01  6.2375E+00
HH              59    1.000000    0.300000
 -4.2231E+01 -4.3618E+01  5.4250E+00
OH              60   15.999900   -1.300000
 -4.2361E+01 -4.3204E+01  6.2538E+00
NN              61   14.007000    0.794000
 -3.7251E+01 -3.7219E+01  1.0539E+01
ON              62   15.999900   -0.598000
 -3.7205E+01 -3.7184E+01  9.2968E+00
ON              63   15.999900   -0.598000
 -3.8171E+01 -3.7880E+01  1.1090E+01
ON              64   15.999900   -0.598000
 -3.6479E+01 -3.6677E+01  1.1333E+01
NN              65   14.007000    0.794000
 -3.8032E+01 -4.5336E+01  7.2786E+00
ON              66   15.999900   -0.598000
 -3.9251E+01 -4.5420E+01  7.3344E+00
ON              67   15.999900   -0.598000
 -3.7567E+01 -4.4338E+01  7.8420E+00
ON              68   15.999900   -0.598000
 -3.7320E+01 -4.6124E+01  6.6701E+00
NN              69   14.007000    0.794000
 -4.3732E+01 -4.2184E+01  1.5081E+01
ON              70   15.999900   -0.598000
 -4.3972E+01 -4.2666E+01  1.6169E+01
ON              71   15.999900   -0.598000
 -4.4120E+01 -4.2667E+01  1.4036E+01
ON              72   15.999900   -0.598000
 -4.3164E+01 -4.1182E+01  1.5009E+01
NN              73   14.007000    0.794000
  4.6220E+01 -3.6842E+01  9.8309E+00
ON              74   15.999900   -0.598000
  4.7318E+01 -3.6683E+01  1.0234E+01
ON              75   15.999900   -0.598000
  4.6128E+01 -3.7084E+01  8.6051E+00
ON              76   15.999900   -0.598000
  4.5196E+01 -3.6815E+01  1.0473E+01
NN              77   14.007000    0.794000
  4.6694E+01 -4.5112E+01  5.3934E+00
ON              78   15.999900   -0.598000
  4.5504E+01 -4.5613E+01  5.1942E+00
ON              79   15.999900   -0.598000
  4.7337E+01 -4.5329E+01  6.3958E+00
ON              80   15.999900   -0.598000
  4.7171E+01 -4.4418E+01  4.5086E+00
NN              81   14.007000    0.794000
 -4.1281E+01 -4.3891E+01 -3.1072E+00
ON              82   15.999900   -0.598000
 -4.0893E+01 -4.4712E+01 -2.2221E+00
ON              83   15.999900   -0.598000
 -4.1360E+01 -4.2678E+01 -2.8504E+00
ON              84   15.999900   -0.598000
 -4.1578E+01 -4.4331E+01 -4.2550E+00
BI              85   65.390000    3.000000
 -4.4922E+01  4.2552E+00 -4.3859E+01
BI              86   65.390000    3.000000
  4.6791E+01  8.3510E+00 -4.3668E+01
BI              87   65.390000    3.000000
 -4.4448E+01  8.0658E+00 -4.7180E+01
BI              88   65.390000    3.000000
 -4.4504E+01  7.6181E+00 -4.0056E+01
BI              89   65.390000    3.000000
 -4.3956E+01  1.1348E+01 -4.3403E+01
BI              90   65.390000    3.000000
 -4.0876E+01  7.3457E+00 -4.3477E+01
OI              91   15.999400   -2.000000
 -4.6299E+01  6.4672E+00 -4.5375E+01
OI              92   15.999400   -2.000000
 -4.3088E+01  5.8140E+00 -4.2015E+01
OI              93   15.999400   -2.000000
 -4.6026E+01  9.5962E+00 -4.1898E+01
OI              94   15.999400   -2.000000
 -4.2536E+01  9.1820E+00 -4.5176E+01
HH              95    1.000000    0.300000
 -4.1654E+01  9.7019E+00 -4.0474E+01
OH              96   15.999900   -1.300000
 -4.2063E+01  9.4329E+00 -4.1327E+01
HH              97    1.000000    0.300000
  4.7205E+01  5.3699E+00 -4.1328E+01
OH              98   15.999900   -1.300000
 -4.6876E+01  5.8762E+00 -4.1706E+01
HH              99    1.000000    0.300000
 -4.6526E+01  1.0936E+01 -4.6144E+01
OH             100   15.999900   -1.300000
 -4.6214E+01  1.0303E+01 -4.5437E+01
HH             101    1.000000    0.300000
 -4.1990E+01  4.8892E+00 -4.6163E+01
OH             102   15.999900   -1.300000
 -4.2505E+01  5.6584E+00 -4.5875E+01
NN             103   14.007000    0.794000
 -3.7576E+01  8.2885E+00 -4.1767E+01
ON             104   15.999900   -0.598000
 -3.6441E+01  8.8709E+00 -4.1598E+01
ON             105   15.999900   -0.598000
 -3.8573E+01  8.3819E+00 -4.0986E+01
ON             106   15.999900   -0.598000
 -3.7749E+01  7.5641E+00 -4.2798E+01
NN             107   14.007000    0.794000
 -4.3182E+01  1.3487E+00 -4.5760E+01
ON             108   15.999900   -0.598000
 -4.4125E+01  1.8335E+00 -4.6387E+01
ON             109   15.999900   -0.598000
 -4.2473E+01  4.7971E-01 -4.6267E+01
ON             110   15.999900   -0.598000
 -4.3006E+01  1.7848E+00 -4.4643E+01
NN             111   14.007000    0.794000
 -4.6557E+01  7.4150E+00 -3.7043E+01
ON             112   15.999900   -0.598000
 -4.6077E+01  7.7622E+00 -3.5926E+01
ON             113   15.999900   -0.598000
 -4.6510E+01  6.2551E+00 -3.7519E+01
ON             114   15.999900   -0.598000
 -4.7086E+01  8.2872E+00 -3.7810E+01
NN             115   14.007000    0.794000
 -4.5578E+01  1.4889E+01 -4.3752E+01
ON             116   15.999900   -0.598000
 -4.6070E+01  1.6022E+01 -4.3989E+01
ON             117   15.999900   -0.598000
 -4.5375E+01  1.4140E+01 -4.4762E+01
ON             118   15.999900   -0.598000
 -4.5302E+01  1.4362E+01 -4.2677E+01
NN             119   14.007000    0.794000
  4.7032E+01  1.7055E+00 -4.3095E+01
ON             120   15.999900   -0.598000
  4.6202E+01  9.6069E-01 -4.2516E+01
ON             121   15.999900   -0.598000
  4.7293E+01  2.8292E+00 -4.2709E+01
ON             122   15.999900   -0.598000
 -4.7140E+01  1.4400E+00 -4.4082E+01
NN             123   14.007000    0.794000
 -4.5022E+01  1.0458E+01  4.4655E+01
ON             124   15.999900   -0.598000
 -4.3869E+01  1.0279E+01  4.5157E+01
ON             125   15.999900   -0.598000
 -4.6063E+01  9.9569E+00  4.5254E+01
ON             126   15.999900   -0.598000
 -4.5150E+01  1.1132E+01  4.3556E+01
BI             127   65.390000    3.000000
 -4.5984E+01  7.1499E+00  6.5939E+00
BI             128   65.390000    3.000000
 -4.5778E+01  1.2048E+01  5.6841E+00
BI             129   65.390000    3.000000
 -4.2704E+01  9.0871E+00  3.3117E+00
BI             130   65.390000    3.000000
 -4.4047E+01  1.0243E+01  1.0144E+01
BI             131   65.390000    3.000000
 -4.0780E+01  1.2268E+01  7.0112E+00
BI             132   65.390000    3.000000
 -4.0784E+01  7.3233E+00  7.5747E+00
OI             133   15.999400   -2.000000
 -4.5446E+01  9.3177E+00  4.5121E+00
OI             134   15.999400   -2.000000
 -4.3612E+01  7.8291E+00  8.4660E+00
OI             135   15.999400   -2.000000
 -4.3652E+01  1.2239E+01  7.7967E+00
OI             136   15.999400   -2.000000
 -4.0614E+01  9.5601E+00  5.4833E+00
HH             137    1.000000    0.300000
 -3.9926E+01  1.0131E+01  1.0240E+01
OH             138   15.999900   -1.300000
 -4.0707E+01  1.0083E+01  9.6232E+00
HH             139    1.000000    0.300000
  4.7327E+01  9.7912E+00  8.5272E+00
OH             140   15.999900   -1.300000
 -4.6646E+01  9.9282E+00  7.9827E+00
HH             141    1.000000    0.300000
 -4.2471E+01  1.2994E+01  3.7490E+00
OH             142   15.999900   -1.300000
 -4.2911E+01  1.2170E+01  4.1471E+00
HH             143    1.000000    0.300000
 -4.3426E+01  5.7913E+00  4.8015E+00
OH             144   15.999900   -1.300000
 -4.2805E+01  6.4519E+00  5.1720E+00
NN             145   14.007000    0.794000
 -3.8158E+01  1.3973E+01  4.5731E+00
ON             146   15.999900   -0.598000
 -3.7047E+01  1.4170E+01  4.0218E+00
ON             147   15.999900   -0.598000
 -3.9139E+01  1.3600E+01  3.9312E+00
ON             148   15.999900   -0.598000
 -3.8331E+01  1.4173E+01  5.8175E+00
NN             149   14.007000    0.794000
 -3.7384E+01  9.8940E+00  8.3662E+00
ON             150   15.999900   -0.598000
 -3.7932E+01  8.8222E+00  7.9997E+00
ON             151   15.999900   -0.598000
 -3.7820E+01  1.1019E+01  8.0143E+00
ON             152   15.999900   -0.598000
 -3.6368E+01  9.7750E+00  9.1194E+00
NN             153   14.007000    0.794000
 -4.7199E+01  7.2445E+00  1.0856E+01
ON             154   15.999900   -0.598000
 -4.6491E+01  8.2686E+00  1.1043E+01
ON             155   15.999900   -0.598000
  4.6915E+01  6.8459E+00  1.1827E+01
ON             156   15.999900   -0.598000
 -4.7240E+01  6.6584E+00  9.7556E+00
NN             157   14.007000    0.794000
  4.6900E+01  1.3653E+01  2.8188E+00
ON             158   15.999900   -0.598000
  4.6172E+01  1.3889E+01  1.8948E+00
ON             159   15.999900   -0.598000
  4.6445E+01  1.3280E+01  3.8680E+00
ON             160   15.999900   -0.598000
 -4.6687E+01  1.3680E+01  2.7644E+00
NN             161   14.007000    0.794000
  4.6004E+01  4.8607E+00  5.6003E+00
ON             162   15.999900   -0.598000
  4.6451E+01  5.7343E+00  4.8645E+00
ON             163   15.999900   -0.598000
  4.6504E+01  4.7317E+00  6.6859E+00
ON             164   15.999900   -0.598000
  4.5083E+01  4.2152E+00  5.1517E+00
NN             165   14.007000    0.794000
 -4.0776E+01  7.3934E+00  2.9747E-01
ON             166   15.999900   -0.598000
 -4.0108E+01  6.8493E+00 -5.6555E-01
ON             167   15.999900   -0.598000
 -4.1858E+01  8.1084E+00  7.8737E-02
ON             168   15.999900   -0.598000
 -4.0393E+01  7.3393E+00  1.5051E+00
BI             169   65.390000    3.000000
  2.2031E+00 -4.5510E+01 -4.3517E+01
BI             170   65.390000    3.000000
  1.9137E+00 -4.0296E+01 -4.3791E+01
BI             171   65.390000    3.000000
  4.5493E+00 -4.2991E+01 -4.7264E+01
BI             172   65.390000    3.000000
  4.6536E+00 -4.2616E+01 -4.0311E+01
BI             173   65.390000    3.000000
  6.9123E+00 -4.0190E+01 -4.4041E+01
BI             174   65.390000    3.000000
  7.3749E+00 -4.5355E+01 -4.3753E+01
OI             175   15.999400   -2.000000
  2.2474E+00 -4.2910E+01 -4.5248E+01
OI             176   15.999400   -2.000000
  4.8441E+00 -4.5078E+01 -4.1966E+01
OI             177   15.999400   -2.000000
  4.5146E+00 -4.0332E+01 -4.2208E+01
OI             178   15.999400   -2.000000
  7.1068E+00 -4.2890E+01 -4.5541E+01
HH             179    1.000000    0.300000
  8.1113E+00 -4.2537E+01 -4.0902E+01
OH             180   15.999900   -1.300000
  7.5701E+00 -4.2373E+01 -4.1705E+01
HH             181    1.000000    0.300000
  9.3786E-01 -4.2363E+01 -4.1082E+01
OH             182   15.999900   -1.300000
  1.6516E+00 -4.2784E+01 -4.1592E+01
HH             183    1.000000    0.300000
  4.3059E+00 -3.9392E+01 -4.6963E+01
OH             184   15.999900   -1.300000
  4.5296E+00 -3.9956E+01 -4.6191E+01
HH             185    1.000000    0.300000
  4.5400E+00 -4.6744E+01 -4.6132E+01
OH             186   15.999900   -1.300000
  4.7367E+00 -4.5854E+01 -4.5731E+01
NN             187   14.007000    0.794000
  6.7368E+00 -3.6459E+01 -4.3949E+01
ON             188   15.999900   -0.598000
  7.7094E+00 -3.7202E+01 -4.3662E+01
ON             189   15.999900   -0.598000
  5.8070E+00 -3.7037E+01 -4.4492E+01
ON             190   15.999900   -0.598000
  6.8010E+00 -3.5169E+01 -4.3764E+01
NN             191   14.007000    0.794000
  1.0914E+01 -4.6669E+01 -4.4361E+01
ON             192   15.999900   -0.598000
  1.2156E+01 -4.6844E+01 -4.4353E+01
ON             193   15.999900   -0.598000
  1.0321E+01 -4.5942E+01 -4.5256E+01
ON             194   15.999900   -0.598000
  1.0183E+01 -4.7221E+01 -4.3497E+01
NN             195   14.007000    0.794000
  3.8874E+00 -4.3281E+01 -3.6555E+01
ON             196   15.999900   -0.598000
  3.1120E+00 -4.3450E+01 -3.7588E+01
ON             197   15.999900   -0.598000
  3.3474E+00 -4.3442E+01 -3.5415E+01
ON             198   15.999900   -0.598000
  5.0714E+00 -4.2973E+01 -3.6722E+01
NN             199   14.007000    0.794000
 -2.9866E-01 -3.8173E+01 -4.5976E+01
ON             200   15.999900   -0.598000
 -2.7442E-01 -3.7937E+01 -4.4731E+01
ON             201   15.999900   -0.598000
  2.6380E-01 -3.9174E+01 -4.6450E+01
ON             202   15.999900   -0.598000
 -1.0208E+00 -3.7431E+01 -4.6773E+01
NN             203   14.007000    0.794000
 -6.4653E-01  4.7135E+01 -4.5025E+01
ON             204   15.999900   -0.598000
 -4.1390E-01  4.6845E+01 -4.3869E+01
ON             205   15.999900   -0.598000
 -1.2530E+00  4.6337E+01 -4.5829E+01
ON             206   15.999900   -0.598000
 -2.0736E-01 -4.6550E+01 -4.5453E+01
NN             207   14.007000    0.794000
  3.4744E+00 -4.5603E+01  4.4885E+01
ON             208   15.999900   -0.598000
  3.3685E+00 -4.6351E+01  4.3871E+01
ON             209   15.999900   -0.598000
  2.8181E+00 -4.5924E+01  4.5877E+01
ON             210   15.999900   -0.598000
  4.1789E+00 -4.4654E+01  4.4962E+01
BI             211   65.390000    3.000000
  2.9949E+00 -4.4969E+01  6.8941E+00
BI             212   65.390000    3.000000
  4.8424E+00 -4.0602E+01  4.9728E+00
BI             213   65.390000    3.000000
  5.4302E+00 -4.4771E+01  2.2685E+00
BI             214   65.390000    3.000000
  7.1155E+00 -4.2600E+01  8.9519E+00
BI             215   65.390000    3.000000
  9.5566E+00 -4.2613E+01  4.5867E+00
BI             216   65.390000    3.000000
  7.5517E+00 -4.6988E+01  6.3812E+00
OI             217   15.999400   -2.000000
  3.6937E+00 -4.3364E+01  4.3060E+00
OI             218   15.999400   -2.000000
  5.8123E+00 -4.5256E+01  8.0749E+00
OI             219   15.999400   -2.000000
  7.5405E+00 -4.1132E+01  6.3266E+00
OI             220   15.999400   -2.000000
  8.1127E+00 -4.5248E+01  3.8809E+00
HH             221    1.000000    0.300000
  1.0397E+01 -4.4588E+01  7.5615E+00
OH             222   15.999900   -1.300000
  9.4469E+00 -4.4412E+01  7.3808E+00
HH             223    1.000000    0.300000
  3.5414E+00 -4.1225E+01  8.1349E+00
OH             224   15.999900   -1.300000
  3.9811E+00 -4.2040E+01  7.8844E+00
HH             225    1.000000    0.300000
  7.2363E+00 -4.1504E+01  1.8232E+00
OH             226   15.999900   -1.300000
  6.8435E+00 -4.1760E+01  2.6676E+00
HH             227    1.000000    0.300000
  4.2500E+00  4.7360E+01  4.2964E+00
OH             228   15.999900   -1.300000
  4.6928E+00 -4.6826E+01  4.8850E+00
NN             229   14.007000    0.794000
  1.3370E+01 -4.2004E+01  4.3350E+00
ON             230   15.999900   -0.598000
  1.4586E+01 -4.2038E+01  4.2509E+00
ON             231   15.999900   -0.598000
  1.2788E+01 -4.1517E+01  5.2516E+00
ON             232   15.999900   -0.598000
  1.2626E+01 -4.2493E+01  3.4410E+00
NN             233   14.007000    0.794000
  6.3296E+00  4.3950E+01  6.1284E+00
ON             234   15.999900   -0.598000
  5.9966E+00  4.2746E+01  5.8047E+00
ON             235   15.999900   -0.598000
  6.0541E+00  4.4975E+01  5.5096E+00
ON             236   15.999900   -0.598000
  7.0302E+00  4.4103E+01  7.1399E+00
NN             237   14.007000    0.794000
  6.6573E+00 -3.9971E+01  1.1541E+01
ON             238   15.999900   -0.598000
  6.4307E+00 -3.9251E+01  1.2496E+01
ON             239   15.999900   -0.598000
  7.8159E+00 -4.0254E+01  1.1233E+01
ON             240   15.999900   -0.598000
  5.6485E+00 -4.0462E+01  1.0912E+01
NN             241   14.007000    0.794000
  5.1379E+00 -3.6899E+01  3.8230E+00
ON             242   15.999900   -0.598000
  5.6187E+00 -3.5894E+01  3.6838E+00
ON             243   15.999900   -0.598000
  4.4356E+00 -3.7149E+01  4.8326E+00
ON             244   15.999900   -0.598000
  5.2980E+00 -3.7808E+01  3.0257E+00
NN             245   14.007000    0.794000
 -5.8798E-01 -4.4190E+01  8.3109E+00
ON             246   15.999900   -0.598000
 -2.6658E-01 -4.5436E+01  8.4223E+00
ON             247   15.999900   -0.598000
 -1.7693E+00 -4.3803E+01  8.7817E+00
ON             248   15.999900   -0.598000
  1.7327E-01 -4.3390E+01  7.8159E+00
NN             249   14.007000    0.794000
  3.6005E+00 -4.6366E+01 -7.7011E-01
ON             250   15.999900   -0.598000
  4.8266E+00 -4.6488E+01 -7.9240E-01
ON             251   15.999900   -0.598000
  3.1582E+00 -4.5581E+01  1.8608E-02
ON             252   15.999900   -0.598000
  2.8836E+00 -4.7010E+01 -1.5225E+00
BI             253   65.390000    3.000000
  3.5526E+00  5.8798E+00 -4.3678E+01
BI             254   65.390000    3.000000
  2.7232E+00  1.0964E+01 -4.2735E+01
BI             255   65.390000    3.000000
  4.3618E+00  9.3074E+00 -4.7242E+01
BI             256   65.390000    3.000000
  6.3960E+00  8.2999E+00 -4.0409E+01
BI             257   65.390000    3.000000
  7.4616E+00  1.1834E+01 -4.3897E+01
BI             258   65.390000    3.000000
  8.2942E+00  6.9561E+00 -4.4852E+01
OI             259   15.999400   -2.000000
  2.7611E+00  8.7032E+00 -4.4759E+01
OI             260   15.999400   -2.000000
  6.3819E+00  6.2291E+00 -4.2623E+01
OI             261   15.999400   -2.000000
  5.5336E+00  1.0916E+01 -4.1647E+01
OI             262   15.999400   -2.000000
  7.1211E+00  9.5536E+00 -4.5916E+01
HH             263    1.000000    0.300000
  9.6881E+00  8.9433E+00 -4.1911E+01
OH             264   15.999900   -1.300000
  8.8785E+00  9.2333E+00 -4.2393E+01
HH             265    1.000000    0.300000
  2.3966E+00  7.7121E+00 -4.0406E+01
OH             266   15.999900   -1.300000
  3.0873E+00  8.0313E+00 -4.1089E+01
HH             267    1.000000    0.300000
  4.2674E+00  1.2862E+01 -4.5768E+01
OH             268   15.999900   -1.300000
  4.4835E+00  1.2011E+01 -4.5362E+01
HH             269    1.000000    0.300000
  5.5222E+00  5.5929E+00 -4.6932E+01
OH             270   15.999900   -1.300000
  5.4032E+00  6.2876E+00 -4.6358E+01
NN             271   14.007000    0.794000
  7.0574E+00  1.5616E+01 -4.4294E+01
ON             272   15.999900   -0.598000
  6.6363E+00  1.6689E+01 -4.4652E+01
ON             273   15.999900   -0.598000
  6.5539E+00  1.5050E+01 -4.3368E+01
ON             274   15.999900   -0.598000
  7.9999E+00  1.5017E+01 -4.4824E+01
NN             275   14.007000    0.794000
  1.1205E+01  5.0150E+00 -4.3422E+01
ON             276   15.999900   -0.598000
  1.0542E+01  5.8485E+00 -4.2787E+01
ON             277   15.999900   -0.598000
  1.2155E+01  4.4286E+00 -4.2889E+01
ON             278   15.999900   -0.598000
  1.0874E+01  4.7441E+00 -4.4646E+01
NN             279   14.007000    0.794000
  3.8731E+00  5.0264E+00 -3.9509E+01
ON             280   15.999900   -0.598000
  4.9261E+00  5.6598E+00 -3.9395E+01
ON             281   15.999900   -0.598000
  3.5414E+00  4.6303E+00 -4.0636E+01
ON             282   15.999900   -0.598000
  3.1515E+00  4.7064E+00 -3.8485E+01
NN             283   14.007000    0.794000
  8.8006E-01  1.3471E+01 -4.0243E+01
ON             284   15.999900   -0.598000
  1.7754E+00  1.2745E+01 -3.9820E+01
ON             285   15.999900   -0.598000
  2.0424E-01  1.4133E+01 -3.9434E+01
ON             286   15.999900   -0.598000
  7.8782E-01  1.3428E+01 -4.1515E+01
NN             287   14.007000    0.794000
  1.6447E+00  5.5593E+00  4.7257E+01
ON             288   15.999900   -0.598000
  2.3491E+00  6.4571E+00  4.6646E+01
ON             289   15.999900   -0.598000
  1.8649E+00  5.1600E+00 -4.6367E+01
ON             290   15.999900   -0.598000
  6.5807E-01  5.0474E+00  4.6646E+01
NN             291   14.007000    0.794000
  5.1320E+00  9.1964E+00  4.3956E+01
ON             292   15.999900   -0.598000
  5.8256E+00  9.5638E+00  4.2891E+01
ON             293   15.999900   -0.598000
  4.0354E+00  9.7815E+00  4.4221E+01
ON             294   15.999900   -0.598000
  5.5188E+00  8.3056E+00  4.4749E+01
BI             295   65.390000    3.000000
  3.9460E+00  3.9817E+00  4.5955E+00
BI             296   65.390000    3.000000
  3.4633E+00  9.0329E+00  5.5377E+00
BI             297   65.390000    3.000000
  6.6607E+00  7.3596E+00  1.9061E+00
BI             298   65.390000    3.000000
  5.8602E+00  5.8933E+00  8.8613E+00
BI             299   65.390000    3.000000
  8.4528E+00  9.2958E+00  6.2499E+00
BI             300   65.390000    3.000000
  8.9441E+00  4.2329E+00  5.1583E+00
OI             301   15.999400   -2.000000
  4.1233E+00  6.8817E+00  3.5490E+00
OI             302   15.999400   -2.000000
  6.2518E+00  4.0419E+00  6.4969E+00
OI             303   15.999400   -2.000000
  5.7460E+00  8.5909E+00  7.5117E+00
OI             304   15.999400   -2.000000
  8.6985E+00  7.0703E+00  4.1748E+00
HH             305    1.000000    0.300000
  9.5623E+00  5.7623E+00  8.2982E+00
OH             306   15.999900   -1.300000
  9.0204E+00  6.2332E+00  7.7112E+00
HH             307    1.000000    0.300000
  1.8950E+00  6.2861E+00  7.2102E+00
OH             308   15.999900   -1.300000
  2.8498E+00  6.1934E+00  7.1398E+00
HH             309    1.000000    0.300000
  6.1292E+00  1.1015E+01  3.6453E+00
OH             310   15.999900   -1.300000
  6.1894E+00  1.0091E+01  3.8232E+00
HH             311    1.000000    0.300000
  6.7199E+00  3.2091E+00  2.1709E+00
OH             312   15.999900   -1.300000
  6.7448E+00  4.0461E+00  2.6978E+00
NN             313   14.007000    0.794000
  7.3904E+00  1.3139E+01  6.0418E+00
ON             314   15.999900   -0.598000
  6.7087E+00  1.2404E+01  6.7709E+00
ON             315   15.999900   -0.598000
  7.1882E+00  1.4365E+01  5.9583E+00
ON             316   15.999900   -0.598000
  8.2815E+00  1.2539E+01  5.4009E+00
NN             317   14.007000    0.794000
  1.2468E+01  3.3181E+00  6.0251E+00
ON             318   15.999900   -0.598000
  1.3470E+01  3.1065E+00  6.7794E+00
ON             319   15.999900   -0.598000
  1.1662E+01  2.4605E+00  5.8013E+00
ON             320   15.999900   -0.598000
  1.2286E+01  4.3546E+00  5.4867E+00
NN             321   14.007000    0.794000
  3.3460E+00  4.5029E+00  1.1270E+01
ON             322   15.999900   -0.598000
  4.2776E+00  3.7394E+00  1.0854E+01
ON             323   15.999900   -0.598000
  3.3222E+00  5.7090E+00  1.0893E+01
ON             324   15.999900   -0.598000
  2.4079E+00  4.0942E+00  1.2018E+01
NN             325   14.007000    0.794000
  9.4435E-01  1.1045E+01  3.1855E+00
ON             326   15.999900   -0.598000
  5.9748E-02  1.1841E+01  2.6832E+00
ON             327   15.999900   -0.598000
  2.0420E+00  1.1459E+01  3.6778E+00
ON             328   15.999900   -0.598000
  7.9822E-01  9.7751E+00  3.2650E+00
NN             329   14.007000    0.794000
  2.1252E+00  7.3578E-01  5.2608E+00
ON             330   15.999900   -0.598000
  3.3705E+00  7.3319E-01  5.1743E+00
ON             331   15.999900   -0.598000
  1.5178E+00 -3.2157E-01  5.5126E+00
ON             332   15.999900   -0.598000
  1.5100E+00  1.7752E+00  5.1333E+00
NN             333   14.007000    0.794000
  5.7175E+00  6.5386E+00 -1.6419E+00
ON             334   15.999900   -0.598000
  4.7397E+00  6.6710E+00 -7.9882E-01
ON             335   15.999900   -0.598000
  5.4637E+00  6.4714E+00 -2.8923E+00
ON             336   15.999900   -0.598000
  6.9801E+00  6.4950E+00 -1.2964E+00
SD             337   32.066000    0.139000
  2.2010E+01 -1.4883E+01 -6.4174E+00
OD             338   15.999900   -0.459000
  2.0306E+01 -1.5395E+01 -6.2880E+00
CD             339   15.000000    0.160000
  2.2656E+01 -1.5866E+01 -7.2839E+00
CD             340   15.000000    0.160000
  2.2092E+01 -1.3910E+01 -7.4570E+00
SD             341   32.066000    0.139000
  1.4412E+01 -1.0442E+01 -3.4132E+00
OD             342   15.999900   -0.459000
  1.3163E+01 -1.0708E+01 -2.1257E+00
CD             343   15.000000    0.160000
  1.4507E+01 -1.1686E+01 -4.0845E+00
CD             344   15.000000    0.160000
  1.5747E+01 -1.0431E+01 -2.9156E+00
SD             345   32.066000    0.139000
  3.8656E+00 -2.1395E+01  1.0464E+01
OD             346   15.999900   -0.459000
  4.9629E+00 -2.1076E+01  9.0883E+00
CD             347   15.000000    0.160000
  2.6006E+00 -2.1719E+01  9.8349E+00
CD             348   15.000000    0.160000
  4.0731E+00 -2.2761E+01  1.0734E+01
SD             349   32.066000    0.139000
  8.3992E+00 -2.2393E+01  4.1369E+01
OD             350   15.999900   -0.459000
  9.2215E+00 -2.2985E+01  4.2911E+01
CD             351   15.000000    0.160000
  8.8680E+00 -2.1039E+01  4.1301E+01
CD             352   15.000000    0.160000
  7.0283E+00 -2.2136E+01  4.1663E+01
SD             353   32.066000    0.139000
  1.7283E+01 -2.6549E+01  3.3677E+01
OD             354   15.999900   -0.459000
  1.8738E+01 -2.6748E+01  3.2653E+01
CD             355   15.000000    0.160000
  1.6307E+01 -2.7478E+01  3.3059E+01
CD             356   15.000000    0.160000
  1.7452E+01 -2.7341E+01  3.4852E+01
SD             357   32.066000    0.139000
  6.1703E+00 -1.9929E+01  2.9290E+01
OD             358   15.999900   -0.459000
  6.9934E+00 -2.1431E+01  2.8783E+01
CD             359   15.000000    0.160000
  4.8075E+00 -2.0246E+01  2.9580E+01
CD             360   15.000000    0.160000
  5.9661E+00 -1.9337E+01  2.8015E+01
SD             361   32.066000    0.139000
  1.8355E+01 -2.0478E+00  4.2193E+01
OD             362   15.999900   -0.459000
  1.7459E+01 -4.9254E-01  4.1931E+01
CD             363   15.000000    0.160000
  1.9577E+01 -1.9479E+00  4.1429E+01
CD             364   15.000000    0.160000
  1.8844E+01 -2.0233E+00  4.3552E+01
SD             365   32.066000    0.139000
 -2.9994E+00 -1.5341E+01  4.1944E+01
OD             366   15.999900   -0.459000
 -3.0523E+00 -1.6008E+01  4.3679E+01
CD             367   15.000000    0.160000
 -4.0832E+00 -1.5887E+01  4.1171E+01
CD             368   15.000000    0.160000
 -3.5744E+00 -1.4058E+01  4.2178E+01
SD             369   32.066000    0.139000
  2.8910E+01 -2.5392E+01 -4.4540E+01
OD             370   15.999900   -0.459000
  2.9022E+01 -2.3751E+01 -4.3923E+01
CD             371   15.000000    0.160000
  2.7632E+01 -2.5864E+01 -4.4218E+01
CD             372   15.000000    0.160000
  2.9696E+01 -2.6303E+01 -4.3742E+01
SD             373   32.066000    0.139000
  2.1397E+01 -1.3629E+01  4.6427E+01
OD             374   15.999900   -0.459000
  2.0246E+01 -1.2523E+01  4.7261E+01
CD             375   15.000000    0.160000
  2.2553E+01 -1.2865E+01  4.6108E+01
CD             376   15.000000    0.160000
  2.2011E+01 -1.4307E+01 -4.7262E+01
SD             377   32.066000    0.139000
  1.5687E+01 -1.2051E+01 -4.0653E+01
OD             378   15.999900   -0.459000
  1.6463E+01 -1.0622E+01 -4.1325E+01
CD             379   15.000000    0.160000
  1.5934E+01 -1.2210E+01 -3.9234E+01
CD             380   15.000000    0.160000
  1.6250E+01 -1.3262E+01 -4.1022E+01
SD             381   32.066000    0.139000
  2.0817E+01 -1.3522E+01 -2.8328E+01
OD             382   15.999900   -0.459000
  2.2342E+01 -1.2785E+01 -2.7600E+01
CD             383   15.000000    0.160000
  2.0963E+01 -1.4923E+01 -2.8079E+01
CD             384   15.000000    0.160000
  1.9722E+01 -1.3321E+01 -2.7414E+01
SD             385   32.066000    0.139000
  1.1788E+01 -9.8571E+00 -4.1632E+01
OD             386   15.999900   -0.459000
  1.1930E+01 -1.1522E+01 -4.2293E+01
CD             387   15.000000    0.160000
  1.3072E+01 -9.2613E+00 -4.1382E+01
CD             388   15.000000    0.160000
  1.1506E+01 -1.0020E+01 -4.0246E+01
SD             389   32.066000    0.139000
  1.9836E+01 -2.8842E+01 -3.5778E+01
OD             390   15.999900   -0.459000
  2.0641E+01 -2.9707E+01 -3.4359E+01
CD             391   15.000000    0.160000
  1.9442E+01 -2.9873E+01 -3.6694E+01
CD             392   15.000000    0.160000
  1.8510E+01 -2.8520E+01 -3.5250E+01
SD             393   32.066000    0.139000
  2.1832E+01 -2.3766E+01 -3.7053E+01
OD             394   15.999900   -0.459000
  2.1749E+01 -2.2173E+01 -3.6118E+01
CD             395   15.000000    0.160000
  2.1058E+01 -2.3658E+01 -3.8255E+01
CD             396   15.000000    0.160000
  2.3162E+01 -2.3887E+01 -3.7576E+01
SD             397   32.066000    0.139000
 -5.3603E+00 -2.9821E+01 -4.6774E+00
OD             398   15.999900   -0.459000
 -5.0334E+00 -3.1651E+01 -4.5078E+00
CD             399   15.000000    0.160000
 -5.2417E+00 -2.9151E+01 -3.3963E+00
CD             400   15.000000    0.160000
 -4.1636E+00 -2.9258E+01 -5.2355E+00
SD             401   32.066000    0.139000
  1.6468E+01 -1.7415E+01 -4.7434E+00
OD             402   15.999900   -0.459000
  1.7802E+01 -1.8244E+01 -3.8030E+00
CD             403   15.000000    0.160000
  1.5530E+01 -1.8433E+01 -5.0974E+00
CD             404   15.000000    0.160000
  1.6991E+01 -1.7088E+01 -6.0476E+00
SD             405   32.066000    0.139000
  1.2896E+01 -2.2838E+01 -3.7280E+01
OD             406   15.999900   -0.459000
  1.1208E+01 -2.2526E+01 -3.7829E+01
CD             407   15.000000    0.160000
  1.3521E+01 -2.1507E+01 -3.7322E+01
CD             408   15.000000    0.160000
  1.2995E+01 -2.2860E+01 -3.5865E+01
SD             409   32.066000    0.139000
  9.6676E+00 -1.0338E+01  5.7808E+00
OD             410   15.999900   -0.459000
  1.0844E+01 -1.0706E+01  7.1433E+00
CD             411   15.000000    0.160000
  9.8530E+00 -1.1185E+01  4.6698E+00
CD             412   15.000000    0.160000
  8.4128E+00 -1.0838E+01  6.2454E+00
SD             413   32.066000    0.139000
  3.0488E+01 -2.8048E+01  7.5292E+00
OD             414   15.999900   -0.459000
  3.2099E+01 -2.7983E+01  8.3645E+00
CD             415   15.000000    0.160000
  2.9574E+01 -2.8944E+01  8.1722E+00
CD             416   15.000000    0.160000
  2.9843E+01 -2.6839E+01  7.9062E+00
SD             417   32.066000    0.139000
  1.8250E+01 -2.2013E+01 -3.2792E+00
OD             418   15.999900   -0.459000
  1.8079E+01 -2.3797E+01 -3.7364E+00
CD             419   15.000000    0.160000
  1.8846E+01 -2.1890E+01 -1.9482E+00
CD             420   15.000000    0.160000
  1.6941E+01 -2.1474E+01 -3.0109E+00
SD             421   32.066000    0.139000
  1.2849E+01  4.0608E+00 -1.7873E+01
OD             422   15.999900   -0.459000
  1.2735E+01  3.6632E+00 -1.6094E+01
CD             423   15.000000    0.160000
  1.3557E+01  2.9219E+00 -1.8453E+01
CD             424   15.000000    0.160000
  1.3876E+01  4.9878E+00 -1.8150E+01
SD             425   32.066000    0.139000
  2.3932E+01 -1.6504E+01  5.7251E+00
OD             426   15.999900   -0.459000
  2.2398E+01 -1.5782E+01  6.4352E+00
CD             427   15.000000    0.160000
  2.5027E+01 -1.5648E+01  6.0162E+00
CD             428   15.000000    0.160000
  2.4313E+01 -1.7562E+01  6.5854E+00
SD             429   32.066000    0.139000
  7.7501E+00 -1.7162E+01  1.7033E+01
OD             430   15.999900   -0.459000
  6.7282E+00 -1.7980E+01  1.8249E+01
CD             431   15.000000    0.160000
  9.1312E+00 -1.7384E+01  1.7374E+01
CD             432   15.000000    0.160000
  7.5668E+00 -1.5755E+01  1.7291E+01
SD             433   32.066000    0.139000
  2.4221E+01 -1.8886E+01  1.8491E+00
OD             434   15.999900   -0.459000
  2.5361E+01 -1.9142E+01  3.3155E+00
CD             435   15.000000    0.160000
  2.3733E+01 -1.7524E+01  1.8486E+00
CD             436   15.000000    0.160000
  2.5062E+01 -1.8916E+01  6.8586E-01
SD             437   32.066000    0.139000
  1.6785E+01 -2.6710E+01  9.8310E+00
OD             438   15.999900   -0.459000
  1.7242E+01 -2.7945E+01  1.0998E+01
CD             439   15.000000    0.160000
  1.5605E+01 -2.6052E+01  1.0277E+01
CD             440   15.000000    0.160000
  1.7845E+01 -2.5779E+01  9.9708E+00
SD             441   32.066000    0.139000
  1.3515E+01 -1.0002E+01  3.8449E+01
OD             442   15.999900   -0.459000
  1.3364E+01 -9.7154E+00  3.6693E+01
CD             443   15.000000    0.160000
  1.4937E+01 -1.0054E+01  3.8689E+01
CD             444   15.000000    0.160000
  1.3108E+01 -8.7468E+00  3.9077E+01
SD             445   32.066000    0.139000
  1.7222E+01 -1.2330E+01  4.4171E+01
OD             446   15.999900   -0.459000
  1.6992E+01 -1.1500E+01  4.2466E+01
CD             447   15.000000    0.160000
  1.8149E+01 -1.1474E+01  4.4871E+01
CD             448   15.000000    0.160000
  1.8245E+01 -1.3341E+01  4.4020E+01
SD             449   32.066000    0.139000
  1.6082E+01 -2.0137E+01  3.7159E+01
OD             450   15.999900   -0.459000
  1.5301E+01 -2.0374E+01  3.5520E+01
CD             451   15.000000    0.160000
  1.5586E+01 -1.8854E+01  3.7534E+01
CD             452   15.000000    0.160000
  1.5184E+01 -2.0751E+01  3.8068E+01
SD             453   32.066000    0.139000
  1.3762E+01 -1.5302E+01 -2.9700E+01
OD             454   15.999900   -0.459000
  1.3245E+01 -1.5476E+01 -2.7937E+01
CD             455   15.000000    0.160000
  1.3145E+01 -1.4124E+01 -3.0237E+01
CD             456   15.000000    0.160000
  1.5096E+01 -1.4817E+01 -2.9456E+01
SD             457   32.066000    0.139000
  2.5914E+01 -3.4323E+00  3.6666E+01
OD             458   15.999900   -0.459000
  2.7437E+01 -2.9231E+00  3.5913E+01
CD             459   15.000000    0.160000
  2.4951E+01 -2.3762E+00  3.6522E+01
CD             460   15.000000    0.160000
  2.6252E+01 -3.3058E+00  3.8076E+01
SD             461   32.066000    0.139000
  2.6384E+01 -2.6903E+01 -3.5875E+01
OD             462   15.999900   -0.459000
  2.4760E+01 -2.7294E+01 -3.6576E+01
CD             463   15.000000    0.160000
  2.6506E+01 -2.5522E+01 -3.5465E+01
CD             464   15.000000    0.160000
  2.7337E+01 -2.6950E+01 -3.6961E+01
SD             465   32.066000    0.139000
  2.3955E+01 -8.1693E-02 -4.0204E+01
OD             466   15.999900   -0.459000
  2.2965E+01  9.3427E-01 -4.1308E+01
CD             467   15.000000    0.160000
  2.5072E+01 -5.1021E-01 -4.0994E+01
CD             468   15.000000    0.160000
  2.3214E+01 -1.3202E+00 -4.0222E+01
SD             469   32.066000    0.139000
  1.1166E+01 -1.1249E+01 -3.2317E+01
OD             470   15.999900   -0.459000
  1.2806E+01 -1.0668E+01 -3.2718E+01
CD             471   15.000000    0.160000
  1.0180E+01 -1.0261E+01 -3.2581E+01
CD             472   15.000000    0.160000
  1.1154E+01 -1.1282E+01 -3.0867E+01
SD             473   32.066000    0.139000
  8.5481E+00 -1.1661E+01 -3.6839E+01
OD             474   15.999900   -0.459000
  8.6720E+00 -1.0985E+01 -3.8488E+01
CD             475   15.000000    0.160000
  9.8585E+00 -1.1482E+01 -3.6210E+01
CD             476   15.000000    0.160000
  7.9498E+00 -1.0648E+01 -3.6085E+01
SD             477   32.066000    0.139000
  3.8048E+00 -2.1152E+01 -2.7567E+01
OD             478   15.999900   -0.459000
  5.1963E+00 -2.1382E+01 -2.6376E+01
CD             479   15.000000    0.160000
  3.1412E+00 -1.9871E+01 -2.7480E+01
CD             480   15.000000    0.160000
  2.7115E+00 -2.1965E+01 -2.7128E+01
SD             481   32.066000    0.139000
  2.0814E+01 -6.1751E-01 -2.1274E+01
OD             482   15.999900   -0.459000
  1.9038E+01 -2.9314E-01 -2.1394E+01
CD             483   15.000000    0.160000
  2.1450E+01  6.1539E-01 -2.1688E+01
CD             484   15.000000    0.160000
  2.1064E+01 -1.3523E+00 -2.2436E+01
SD             485   32.066000    0.139000
  2.5656E+01 -1.9536E+01 -1.2109E+01
OD             486   15.999900   -0.459000
  2.5258E+01 -2.0108E+01 -1.0396E+01
CD             487   15.000000    0.160000
  2.4482E+01 -1.9800E+01 -1.2893E+01
CD             488   15.000000    0.160000
  2.5415E+01 -1.8113E+01 -1.2088E+01
SD             489   32.066000    0.139000
  3.4167E+00 -1.9879E+01 -2.2641E+01
OD             490   15.999900   -0.459000
  1.8940E+00 -1.9695E+01 -2.3692E+01
CD             491   15.000000    0.160000
  4.5288E+00 -2.0182E+01 -2.3516E+01
CD             492   15.000000    0.160000
  3.7259E+00 -1.8527E+01 -2.2291E+01
SD             493   32.066000    0.139000
  1.2603E+00 -9.8197E+00 -6.7634E+00
OD             494   15.999900   -0.459000
  1.5680E+00 -1.1548E+01 -7.0065E+00
CD             495   15.000000    0.160000
  1.8845E+00 -9.5382E+00 -5.4660E+00
CD             496   15.000000    0.160000
 -6.8111E-02 -9.6958E+00 -6.3140E+00
SD             497   32.066000    0.139000
  1.3299E+01 -3.5023E-01 -8.8042E+00
OD             498   15.999900   -0.459000
  1.1793E+01  3.2736E-01 -8.0794E+00
CD             499   15.000000    0.160000
  1.4160E+01  6.8722E-01 -9.3257E+00
CD             500   15.000000    0.160000
  1.4011E+01 -8.7651E-01 -7.6851E+00
